  3930301    3941237        29
  3930301    3941573        29
  3930301    3941919        29
  3930652    3944268        27
  3930989    3945778       630
  3931575    3931653        41
  3931575    3946442        41
  3931620    3946409       510
  3931653    3946364        41
  3932324    3932510        34
  3932602    3947379        34
  3932610    3940814        30
  3932612    3935090        28
  3932612    3935705        28
  3932612    3936320        28
  3932730    3947156        29
  3932730    3947507        29
  3932730    3947858        29
  3932730    3948098        29
  3932799    3947066        35
  3932799    3947408        35
  3932799    3947999        35
  3932799    3948950        35
  3932844    3947453        32
  3932877    3947135        42
  3932877    3947486        42
  3932877    3947837        42
  3932877    3948077        42
  3932916    3944469        29
  3932930    3947539        39
  3932930    3947890        39
  3932930    3948130        39
  3933171    3947084        32
  3933171    3947426        32
  3933171    3948017        32
  3933171    3948368        32
  3933171    3948968        32
  3933392    3933995       609
  3933423    3934629       115
  3933494    3935345        33
  3933494    3935960        33
  3933515    3935093        38
  3933515    3935708        38
  3933515    3936323        30
  3933515    3940819        32
  3933834    3942792        28
  3933835    3944269        27
  3933836    3941242        34
  3933836    3941578        34
  3933836    3941924        34
  3933847    3950013        28
  3934026    3934629       115
  3934097    3935345        33
  3934097    3935960        33
  3934118    3935093        38
  3934118    3935708        38
  3934118    3936323        30
  3934118    3940819        32
  3934437    3942792        28
  3934438    3944269        27
  3934439    3941242        34
  3934439    3941578        34
  3934439    3941924        34
  3934450    3950013        28
  3934700    3935345        33
  3934700    3935960        33
  3934735    3935380        32
  3934735    3935995        32
  3934797    3935460        34
  3934797    3936075        34
  3934823    3934871        55
  3934832    3935495        46
  3934832    3936110        46
  3934880    3935495       858
  3934880    3936110       243
  3935090    3940816        35
  3935705    3940816        35
  3936320    3940816        33
  3940282    3940516        36
  3940289    3940367        29
  3940367    3940523        29
  3941225    3941561       166
  3941225    3941907        59
  3941228    3943773        31
  3941251    3948703        40
  3941334    3948540        27
  3941334    3949140        27
  3941334    3949740        27
  3941388    3941725       146
  3941517    3941863       103
  3941564    3943773        31
  3941587    3948703        40
  3941670    3948540        27
  3941670    3949140        27
  3941670    3949740        27
  3941910    3943773        31
  3941933    3948703        33
  3942793    3944269        27
  3943108    3943144        36
  3944276    3948610        28
  3944276    3949210        28
  3944276    3949810        28
  3944473    3948549        27
  3944473    3948621        27
  3944473    3948693        27
  3944473    3949149        27
  3944473    3949221        35
  3944473    3949230        27
  3944473    3949749        27
  3944473    3949821        35
  3944473    3949830        27
  3944474    3948613        34
  3944474    3949213        34
  3944474    3949813        34
  3944475    3948542        33
  3944475    3949142        33
  3944475    3949742        33
  3944476    3948687        32
  3945098    3950830       500
  3946364    3946442        41
  3946934    3947276       119
  3946934    3947627       119
  3946934    3948218       119
  3947054    3947396        62
  3947056    3947989        60
  3947057    3948941        59
  3947079    3948363        37
  3947108    3949001        33
  3947108    3949601        33
  3947109    3947460        97
  3947113    3948055        93
  3947127    3947829        79
  3947207    3947558       195
  3947207    3947909        95
  3947207    3948149       198
  3947398    3947989        65
  3947399    3948941        59
  3947421    3948363        41
  3947460    3949002        32
  3947460    3949602        32
  3947464    3948055       289
  3947478    3947829       175
  3947829    3948069       175
  3947990    3948941        59
  3948012    3948363        41
  3948055    3949006        28
  3948055    3949606        28
  3948363    3948963        37
  3948418    3949018       230
  3948418    3949618       230
  3948542    3948614        34
  3948542    3949214        34
  3948542    3949223        34
  3948542    3949814        34
  3948542    3949823        34
  3948543    3948687        33
  3948613    3949222        43
  3948613    3949822        43
  3948614    3949142        34
  3948614    3949742        34
  3948615    3948687        41
  3948687    3949143        33
  3948687    3949215        33
  3948687    3949224        42
  3948687    3949743        33
  3948687    3949815        33
  3948687    3949824        42
  3948754    3949357       174
  3948988    3949588       394
  3949142    3949214        34
  3949142    3949223        34
  3949142    3949814        34
  3949142    3949823        34
  3949213    3949222        35
  3949213    3949822        35
  3949214    3949742        34
  3949222    3949813        35
  3949223    3949742        34
  3949742    3949814        34
  3949742    3949823        34
  3949813    3949822        35
